1 0.22210526315789475 0.0988562091503268 0.2 0.12908496732026145
1 0.7968421052631579 0.09395424836601307 0.15789473684210525 0.12581699346405228
4 0.22736842105263158 0.11683006535947713 0.10526315789473684 0.06372549019607843
4 0.8021052631578948 0.11601307189542484 0.12631578947368421 0.06209150326797386
2 0.6326315789473684 0.5531045751633987 0.11578947368421053 0.11274509803921569
2 0.9252631578947368 0.5253267973856209 0.1031578947368421 0.1650326797385621
2 0.3642105263157895 0.5261437908496732 0.12631578947368421 0.11437908496732026
2 0.07052631578947369 0.5261437908496732 0.10736842105263159 0.13725490196078433
0 0.20105263157894737 0.5 0.40210526315789474 1.0
0 0.7726315789473684 0.5040849673202614 0.45052631578947366 0.9918300653594772
