1 0.24916666666666668 0.24222222222222223 0.21333333333333335 0.3244444444444444
1 0.6329166666666667 0.18777777777777777 0.16916666666666666 0.32666666666666666
4 0.25083333333333335 0.29777777777777775 0.11333333333333333 0.1
4 0.6454166666666666 0.23055555555555557 0.04583333333333333 0.09666666666666666
2 0.22625 0.44666666666666666 0.1275 0.13555555555555557
2 0.315 0.4583333333333333 0.105 0.14555555555555555
2 0.46 0.5305555555555556 0.12666666666666668 0.12777777777777777
2 0.44708333333333333 0.3844444444444444 0.16416666666666666 0.17555555555555555
0 0.2675 0.5216666666666666 0.415 0.8988888888888888
0 0.73 0.49944444444444447 0.48 0.9855555555555555
