1 0.43916666666666665 0.32533733133433285 0.06 0.10494752623688156
1 0.35875 0.3658170914542729 0.050833333333333335 0.08395802098950525
1 0.27458333333333335 0.3575712143928036 0.0475 0.10044977511244378
1 0.14541666666666667 0.3545727136431784 0.0575 0.10044977511244378
4 0.445 0.3530734632683658 0.051666666666666666 0.07646176911544228
4 0.7608333333333334 0.1386806596701649 0.04833333333333333 0.09145427286356822
2 0.4241666666666667 0.6251874062968515 0.08166666666666667 0.11394302848575712
2 0.49375 0.595952023988006 0.0675 0.07946026986506746
0 0.1875 0.5982008995502249 0.23333333333333334 0.7226386806596702
0 0.13958333333333334 0.5704647676161919 0.10416666666666667 0.6101949025487257
0 0.28583333333333333 0.5967016491754122 0.095 0.638680659670165
0 0.355 0.5674662668665668 0.09666666666666666 0.6551724137931034
0 0.4504166666666667 0.5824587706146926 0.12583333333333332 0.7091454272863568
