4 0.49277777777777776 0.24444444444444444 0.021111111111111112 0.06666666666666667
4 0.13722222222222222 0.22 0.025555555555555557 0.07111111111111111
3 0.4816666666666667 0.19444444444444445 0.0811111111111111 0.09555555555555556
3 0.6866666666666666 0.14888888888888888 0.09777777777777778 0.08444444444444445
3 0.1238888888888889 0.16666666666666666 0.11666666666666667 0.10666666666666667
3 0.86 0.23444444444444446 0.05333333333333334 0.09555555555555556
2 0.49444444444444446 0.44333333333333336 0.10222222222222223 0.1711111111111111
2 0.39222222222222225 0.5366666666666666 0.042222222222222223 0.14444444444444443
2 0.8305555555555556 0.6355555555555555 0.06111111111111111 0.09333333333333334
0 0.11 0.5133333333333333 0.21777777777777776 0.84
0 0.26 0.5277777777777778 0.12666666666666668 0.8511111111111112
0 0.3211111111111111 0.5166666666666667 0.11555555555555555 0.7933333333333333
0 0.44722222222222224 0.5344444444444445 0.14333333333333334 0.9044444444444445
0 0.6805555555555556 0.5955555555555555 0.12777777777777777 0.7911111111111111
0 0.6966666666666667 0.3422222222222222 0.16 0.4666666666666667
0 0.8711111111111111 0.5822222222222222 0.14666666666666667 0.8266666666666667
