1 0.595 0.360310421286031 0.0975 0.19290465631929046
1 0.800625 0.2572062084257206 0.05625 0.13303769401330376
4 0.09375 0.48226164079822614 0.13 0.15299334811529933
4 0.58875 0.3780487804878049 0.0875 0.08647450110864745
4 0.799375 0.28713968957871394 0.04875 0.0598669623059867
4 0.708125 0.328159645232816 0.03875 0.057649667405764965
3 0.083125 0.39800443458980045 0.13125 0.08647450110864745
3 0.403125 0.39135254988913526 0.11125 0.07760532150776053
3 0.486875 0.31042128603104213 0.08875 0.08425720620842572
3 0.58625 0.3348115299334812 0.0925 0.08869179600886919
3 0.705625 0.2960088691796009 0.06125 0.037694013303769404
2 0.268125 0.843680709534368 0.15375 0.1973392461197339
2 0.38 0.4678492239467849 0.1025 0.1197339246119734
2 0.55375 0.655210643015521 0.1025 0.1574279379157428
2 0.725 0.46895787139689576 0.0575 0.06873614190687362
2 0.805625 0.4700665188470067 0.06625 0.0975609756097561
2 0.87125 0.38913525498891355 0.0475 0.082039911308204
0 0.138125 0.5909090909090909 0.25375 0.7738359201773836
0 0.39875 0.4878048780487805 0.2025 0.5809312638580931
0 0.46625 0.41019955654101997 0.1175 0.38137472283813745
0 0.593125 0.38802660753880264 0.12875 0.5011086474501109
0 0.64875 0.3181818181818182 0.105 0.3259423503325942
0 0.705625 0.3458980044345898 0.07125 0.2660753880266075
0 0.74875 0.29490022172949004 0.06 0.23059866962305986
0 0.809375 0.3270509977827051 0.06875 0.2682926829268293
0 0.8325 0.27827050997782704 0.0525 0.17073170731707318
0 0.936875 0.41685144124168516 0.12375 0.43902439024390244
