4 0.46 0.30333333333333334 0.03111111111111111 0.05555555555555555
4 0.3894444444444444 0.5444444444444444 0.06333333333333334 0.06666666666666667
4 0.645 0.7066666666666667 0.08555555555555555 0.11555555555555555
4 0.7277777777777777 0.7555555555555555 0.04666666666666667 0.08444444444444445
4 0.1622222222222222 0.5288888888888889 0.06 0.06222222222222222
4 0.51 0.30777777777777776 0.02666666666666667 0.03777777777777778
2 0.20722222222222222 0.6755555555555556 0.056666666666666664 0.06222222222222222
2 0.37 0.45555555555555555 0.044444444444444446 0.08888888888888889
2 0.5022222222222222 0.5933333333333334 0.06 0.13333333333333333
2 0.3861111111111111 0.6922222222222222 0.04111111111111111 0.08666666666666667
2 0.33666666666666667 0.6688888888888889 0.08 0.07555555555555556
0 0.17 0.62 0.16 0.4666666666666667
0 0.05555555555555555 0.61 0.1111111111111111 0.33111111111111113
0 0.3022222222222222 0.8288888888888889 0.2311111111111111 0.3422222222222222
0 0.4011111111111111 0.7033333333333334 0.16666666666666666 0.5933333333333334
0 0.445 0.45444444444444443 0.08777777777777777 0.5133333333333333
0 0.5127777777777778 0.4111111111111111 0.11666666666666667 0.35555555555555557
0 0.5261111111111111 0.7011111111111111 0.13 0.4866666666666667
0 0.6227777777777778 0.39222222222222225 0.11666666666666667 0.3488888888888889
0 0.6316666666666667 0.7588888888888888 0.14555555555555555 0.4777777777777778
0 0.7338888888888889 0.7644444444444445 0.12555555555555556 0.39111111111111113
0 0.8466666666666667 0.8566666666666667 0.09777777777777778 0.2866666666666667
0 0.9333333333333333 0.6855555555555556 0.11333333333333333 0.47333333333333333
0 0.8005555555555556 0.5255555555555556 0.10777777777777778 0.36666666666666664
0 0.6922222222222222 0.4866666666666667 0.10888888888888888 0.26666666666666666
0 0.7433333333333333 0.3388888888888889 0.07777777777777778 0.2511111111111111
