4 0.2288888888888889 0.22444444444444445 0.057777777777777775 0.11555555555555555
4 0.4738888888888889 0.15333333333333332 0.06777777777777778 0.09777777777777778
4 0.6388888888888888 0.25 0.051111111111111114 0.08666666666666667
4 0.8083333333333333 0.25 0.07666666666666666 0.1
2 0.14555555555555555 0.7833333333333333 0.08666666666666667 0.18
2 0.3161111111111111 0.7444444444444445 0.05 0.21777777777777776
2 0.3611111111111111 0.6755555555555556 0.06444444444444444 0.18222222222222223
2 0.5622222222222222 0.7277777777777777 0.09111111111111111 0.15777777777777777
2 0.7155555555555555 0.7544444444444445 0.057777777777777775 0.20222222222222222
2 0.8788888888888889 0.7777777777777778 0.07111111111111111 0.10222222222222223
0 0.23444444444444446 0.5088888888888888 0.23333333333333334 0.9288888888888889
0 0.44722222222222224 0.5044444444444445 0.21222222222222223 0.9777777777777777
0 0.6427777777777778 0.5211111111111111 0.13444444444444445 0.9577777777777777
0 0.8288888888888889 0.5288888888888889 0.20444444444444446 0.7955555555555556
