1 0.5238888888888888 0.3433333333333333 0.04111111111111111 0.09555555555555556
1 0.6872222222222222 0.33444444444444443 0.05 0.1
1 0.9211111111111111 0.33111111111111113 0.06666666666666667 0.08888888888888889
4 0.39944444444444444 0.4033333333333333 0.03666666666666667 0.051111111111111114
4 0.5294444444444445 0.3522222222222222 0.034444444444444444 0.042222222222222223
4 0.6872222222222222 0.35 0.034444444444444444 0.09111111111111111
4 0.9277777777777778 0.3288888888888889 0.06 0.044444444444444446
2 0.04 0.09333333333333334 0.06222222222222222 0.13333333333333333
2 0.36666666666666664 0.04777777777777778 0.06666666666666667 0.09555555555555556
2 0.3894444444444444 0.25 0.06333333333333334 0.06
2 0.5227777777777778 0.20222222222222222 0.06111111111111111 0.08
2 0.6427777777777778 0.17555555555555555 0.03666666666666667 0.07555555555555556
2 0.7183333333333334 0.14 0.058888888888888886 0.08
2 0.9172222222222223 0.09333333333333334 0.09222222222222222 0.07111111111111111
0 0.2222222222222222 0.5 0.3933333333333333 1.0
0 0.4022222222222222 0.5411111111111111 0.12222222222222222 0.7533333333333333
0 0.5216666666666666 0.5088888888888888 0.15 0.7911111111111111
0 0.6716666666666666 0.52 0.1388888888888889 0.9066666666666666
0 0.9133333333333333 0.51 0.13333333333333333 0.8911111111111111
