1 0.20833333333333334 0.1825 0.1 0.14
1 0.36333333333333334 0.205 0.09 0.13
1 0.5141666666666667 0.20125 0.085 0.1525
1 0.7591666666666667 0.20875 0.085 0.1675
4 0.3725 0.21875 0.058333333333333334 0.0675
4 0.5216666666666666 0.195 0.05 0.07
4 0.7516666666666667 0.21625 0.04666666666666667 0.0575
4 0.20916666666666667 0.1975 0.051666666666666666 0.07
4 0.14 0.18625 0.05 0.0525
2 0.06916666666666667 0.38375 0.06833333333333333 0.0825
2 0.29083333333333333 0.53375 0.09833333333333333 0.1825
2 0.3858333333333333 0.4625 0.09166666666666666 0.145
2 0.5258333333333334 0.35125 0.08833333333333333 0.1625
2 0.6325 0.4825 0.028333333333333332 0.145
2 0.7566666666666667 0.32375 0.08333333333333333 0.2125
0 0.155 0.51125 0.25666666666666665 0.8975
0 0.36583333333333334 0.505 0.19166666666666668 0.945
0 0.5425 0.50625 0.14833333333333334 0.9125
0 0.74 0.5325 0.16333333333333333 0.935
