4 0.344532279314888 0.22985781990521326 0.043478260869565216 0.04265402843601896
4 0.4505928853754941 0.24407582938388625 0.057971014492753624 0.07109004739336493
4 0.5197628458498024 0.1943127962085308 0.05138339920948617 0.07582938388625593
4 0.5955204216073782 0.22511848341232227 0.07378129117259552 0.09004739336492891
4 0.7272727272727273 0.16113744075829384 0.06587615283267458 0.061611374407582936
4 0.16205533596837945 0.15639810426540285 0.05006587615283267 0.052132701421800945
4 0.2977602108036891 0.1552132701421801 0.06851119894598155 0.05924170616113744
3 0.15942028985507245 0.13151658767772512 0.06587615283267458 0.04976303317535545
3 0.4426877470355731 0.19194312796208532 0.057971014492753624 0.05687203791469194
3 0.33992094861660077 0.1966824644549763 0.08168642951251646 0.04265402843601896
3 0.5968379446640316 0.17772511848341233 0.08695652173913043 0.05687203791469194
3 0.7160737812911726 0.10426540284360189 0.07246376811594203 0.07582938388625593
2 0.10276679841897234 0.47511848341232227 0.12384716732542819 0.11611374407582939
2 0.20553359683794467 0.4786729857819905 0.09749670619235837 0.05687203791469194
2 0.27602108036890644 0.6315165876777251 0.05928853754940711 0.11611374407582939
2 0.41238471673254284 0.6267772511848341 0.0764163372859025 0.0924170616113744
2 0.5059288537549407 0.5710900473933649 0.057971014492753624 0.11374407582938388
2 0.6686429512516469 0.6172985781990521 0.06982872200263504 0.13507109004739337
2 0.7898550724637681 0.518957345971564 0.03820816864295125 0.11848341232227488
0 0.13965744400527008 0.5248815165876777 0.18708827404479578 0.9123222748815166
0 0.28326745718050067 0.41232227488151657 0.10013175230566534 0.6872037914691943
0 0.347167325428195 0.5710900473933649 0.15942028985507245 0.7819905213270142
0 0.43610013175230566 0.5272511848341233 0.11857707509881422 0.9028436018957346
0 0.5072463768115942 0.3187203791469194 0.08959156785243742 0.5379146919431279
0 0.6054018445322793 0.5485781990521327 0.13570487483530963 0.9028436018957346
0 0.7542819499341239 0.5106635071090048 0.1831357048748353 0.9786729857819905
