4 0.4395833333333333 0.35555555555555557 0.07583333333333334 0.07111111111111111
4 0.31916666666666665 0.3748148148148148 0.08833333333333333 0.08592592592592592
4 0.7291666666666666 0.39481481481481484 0.075 0.08444444444444445
3 0.72875 0.3562962962962963 0.07583333333333334 0.08444444444444445
3 0.44583333333333336 0.3207407407407407 0.07166666666666667 0.06962962962962962
2 0.21958333333333332 0.542962962962963 0.0475 0.10518518518518519
2 0.2875 0.5511111111111111 0.051666666666666666 0.12148148148148148
2 0.35833333333333334 0.5422222222222223 0.04 0.14222222222222222
2 0.40166666666666667 0.5037037037037037 0.06166666666666667 0.07111111111111111
2 0.6891666666666667 0.5844444444444444 0.07 0.0962962962962963
0 0.27666666666666667 0.4918518518518519 0.21166666666666667 0.56
0 0.4241666666666667 0.48 0.17666666666666667 0.5718518518518518
0 0.7091666666666666 0.5755555555555556 0.23 0.6622222222222223
