1 0.4175 0.4121951219512195 0.06166666666666667 0.14634146341463414
1 0.6458333333333334 0.39146341463414636 0.075 0.12926829268292683
1 0.09166666666666666 0.39634146341463417 0.06333333333333334 0.10975609756097561
4 0.08 0.4121951219512195 0.04666666666666667 0.05365853658536585
4 0.6525 0.42073170731707316 0.058333333333333334 0.06585365853658537
4 0.955 0.39390243902439026 0.056666666666666664 0.046341463414634146
2 0.04416666666666667 0.6402439024390244 0.03833333333333333 0.12926829268292683
2 0.13 0.6475609756097561 0.08 0.046341463414634146
2 0.27666666666666667 0.75 0.07666666666666666 0.07560975609756097
2 0.37333333333333335 0.6463414634146342 0.07 0.13170731707317074
2 0.4533333333333333 0.6439024390243903 0.06333333333333334 0.1073170731707317
2 0.5883333333333334 0.6182926829268293 0.05333333333333334 0.16341463414634147
2 0.7058333333333333 0.5317073170731708 0.055 0.07804878048780488
2 0.8658333333333333 0.42804878048780487 0.058333333333333334 0.08536585365853659
0 0.09916666666666667 0.5975609756097561 0.19833333333333333 0.624390243902439
0 0.2525 0.7036585365853658 0.23166666666666666 0.45121951219512196
0 0.39916666666666667 0.5963414634146341 0.165 0.6073170731707317
0 0.6683333333333333 0.5878048780487805 0.21666666666666667 0.6341463414634146
0 0.8758333333333334 0.6073170731707317 0.24833333333333332 0.6146341463414634
