4 0.1409375 0.25833333333333336 0.123125 0.11222222222222222
4 0.3328125 0.245 0.091875 0.08333333333333333
4 0.4934375 0.24222222222222223 0.081875 0.1288888888888889
4 0.59625 0.22277777777777777 0.06125 0.11
4 0.75875 0.3055555555555556 0.0775 0.07555555555555556
2 0.051875 0.7805555555555556 0.09625 0.1388888888888889
2 0.198125 0.7572222222222222 0.0875 0.15
2 0.40375 0.7488888888888889 0.12875 0.18
2 0.5121875 0.6783333333333333 0.091875 0.15666666666666668
2 0.6109375 0.7055555555555556 0.076875 0.12
2 0.650625 0.745 0.06125 0.15666666666666668
2 0.799375 0.8416666666666667 0.0575 0.17
0 0.121875 0.5733333333333334 0.2 0.8533333333333334
0 0.3390625 0.5422222222222223 0.228125 0.9155555555555556
0 0.59125 0.5516666666666666 0.18625 0.8966666666666666
0 0.774375 0.55 0.24875 0.9
