4 0.8169811320754717 0.2998046875 0.10817610062893082 0.06640625
4 0.5556603773584906 0.2900390625 0.062264150943396226 0.037109375
4 0.4257861635220126 0.272216796875 0.04150943396226415 0.02392578125
4 0.24559748427672956 0.2529296875 0.03962264150943396 0.0302734375
1 0.8273584905660377 0.279296875 0.1 0.15234375
1 0.5449685534591195 0.29345703125 0.12767295597484277 0.109375
1 0.4185534591194969 0.272705078125 0.0949685534591195 0.11669921875
1 0.22924528301886793 0.09228515625 0.062264150943396226 0.1318359375
2 0.4408805031446541 0.64794921875 0.055345911949685536 0.0615234375
2 0.6833333333333333 0.623779296875 0.0559748427672956 0.07177734375
2 0.25062893081761006 0.603515625 0.06352201257861635 0.0634765625
2 0.6845911949685535 0.482421875 0.06352201257861635 0.0595703125
2 0.7874213836477988 0.480224609375 0.033962264150943396 0.02880859375
