4 0.06708333333333333 0.190625 0.03916666666666667 0.03625
4 0.1 0.184375 0.025 0.02375
4 0.14875 0.17875 0.0425 0.0425
4 0.22583333333333333 0.1825 0.045 0.045
4 0.305 0.173125 0.056666666666666664 0.05875
4 0.4058333333333333 0.1325 0.045 0.0425
4 0.5195833333333333 0.2075 0.0625 0.0625
4 0.63625 0.21125 0.0475 0.0775
4 0.7170833333333333 0.17125 0.0525 0.055
4 0.8566666666666667 0.181875 0.07333333333333333 0.10125
2 0.8629166666666667 0.61875 0.07916666666666666 0.1175
2 0.7845833333333333 0.570625 0.0525 0.11375
2 0.6558333333333334 0.57375 0.065 0.1
2 0.5729166666666666 0.543125 0.04416666666666667 0.09125
2 0.5416666666666666 0.49 0.075 0.0925
2 0.45375 0.47 0.07916666666666666 0.09
2 0.37083333333333335 0.41375 0.06333333333333334 0.0775
2 0.27 0.430625 0.07 0.07125
2 0.19208333333333333 0.385 0.0325 0.1175
2 0.13291666666666666 0.3975 0.035833333333333335 0.055
0 0.8879166666666667 0.516875 0.20583333333333334 0.93625
0 0.7520833333333333 0.466875 0.15916666666666668 0.87875
0 0.6291666666666667 0.43 0.14 0.7225
0 0.5254166666666666 0.3925 0.1425 0.775
0 0.4241666666666667 0.43625 0.115 0.7825
0 0.33875 0.4025 0.14916666666666667 0.6675
0 0.24958333333333332 0.39625 0.1525 0.645
0 0.1875 0.3675 0.12833333333333333 0.5725
0 0.11708333333333333 0.335 0.0725 0.51
0 0.065 0.339375 0.06666666666666667 0.52625
