4 0.238525390625 0.25564516129032255 0.05126953125 0.07419354838709677
4 0.3046875 0.32298387096774195 0.0390625 0.06854838709677419
4 0.376953125 0.3685483870967742 0.0341796875 0.054838709677419356
4 0.42041015625 0.4088709677419355 0.0205078125 0.04032258064516129
4 0.482177734375 0.4125 0.02294921875 0.03306451612903226
4 0.5283203125 0.5379032258064517 0.0400390625 0.03870967741935484
4 0.535888671875 0.42016129032258065 0.02783203125 0.037096774193548385
4 0.586181640625 0.42016129032258065 0.02587890625 0.037096774193548385
4 0.615966796875 0.41693548387096774 0.02099609375 0.037096774193548385
4 0.658935546875 0.380241935483871 0.03173828125 0.05725806451612903
4 0.7216796875 0.2701612903225806 0.0390625 0.06774193548387097
4 0.771240234375 0.17298387096774193 0.05224609375 0.09919354838709678
2 0.517822265625 0.6221774193548387 0.02783203125 0.06693548387096775
2 0.541748046875 0.7258064516129032 0.02294921875 0.0532258064516129
2 0.943359375 0.6741935483870968 0.0810546875 0.1967741935483871
2 0.701416015625 0.4221774193548387 0.03857421875 0.11370967741935484
2 0.4560546875 0.4786290322580645 0.0478515625 0.07661290322580645
2 0.310302734375 0.47580645161290325 0.03759765625 0.10483870967741936
2 0.12255859375 0.7237903225806451 0.0751953125 0.10887096774193548
2 0.307861328125 0.475 0.02978515625 0.10483870967741936
2 0.33740234375 0.4620967741935484 0.0390625 0.0967741935483871
2 0.390625 0.4971774193548387 0.0263671875 0.0717741935483871
2 0.449951171875 0.49879032258064515 0.03857421875 0.05241935483870968
2 0.46826171875 0.4693548387096774 0.0224609375 0.06290322580645161
2 0.58447265625 0.5024193548387097 0.0263671875 0.07419354838709677
2 0.61669921875 0.5173387096774194 0.01953125 0.06854838709677419
2 0.55517578125 0.4661290322580645 0.015625 0.02903225806451613
2 0.520751953125 0.46491935483870966 0.02587890625 0.04435483870967742
0 0.85791015625 0.5229838709677419 0.2841796875 0.9362903225806452
0 0.150146484375 0.5645161290322581 0.27392578125 0.8709677419354839
0 0.285888671875 0.6108870967741935 0.11572265625 0.7782258064516129
0 0.37109375 0.6370967741935484 0.0693359375 0.7112903225806452
0 0.41845703125 0.6060483870967742 0.0458984375 0.5862903225806452
0 0.470703125 0.6169354838709677 0.0693359375 0.532258064516129
0 0.5771484375 0.6326612903225807 0.04296875 0.5443548387096774
0 0.614013671875 0.6387096774193548 0.04833984375 0.5741935483870968
0 0.669677734375 0.6407258064516129 0.07275390625 0.675
0 0.7451171875 0.5959677419354839 0.11328125 0.8080645161290323
