4 0.5455 0.24916666666666668 0.071 0.085
4 0.9075 0.37916666666666665 0.055 0.055
3 0.4165 0.2833333333333333 0.081 0.09666666666666666
3 0.5315 0.21333333333333335 0.099 0.04666666666666667
3 0.757 0.29333333333333333 0.078 0.03666666666666667
3 0.885 0.3475 0.11 0.051666666666666666
3 0.2565 0.26 0.073 0.08333333333333333
3 0.0775 0.2683333333333333 0.109 0.06666666666666667
2 0.1455 0.67 0.045 0.14
2 0.2815 0.6683333333333333 0.085 0.09333333333333334
2 0.4645 0.5483333333333333 0.099 0.13666666666666666
0 0.0825 0.5466666666666666 0.159 0.7333333333333333
0 0.213 0.61 0.14 0.77
0 0.2765 0.5516666666666666 0.139 0.7733333333333333
0 0.415 0.5791666666666667 0.168 0.7683333333333333
0 0.559 0.5258333333333334 0.204 0.795
0 0.793 0.5825 0.156 0.8116666666666666
0 0.9165 0.6175 0.163 0.7516666666666667
