4 0.15388888888888888 0.455595026642984 0.058888888888888886 0.08703374777975133
4 0.27555555555555555 0.34902309058614567 0.06666666666666667 0.0905861456483126
4 0.40444444444444444 0.39342806394316165 0.051111111111111114 0.0586145648312611
4 0.585 0.13321492007104796 0.05444444444444444 0.07460035523978685
4 0.6683333333333333 0.3410301953818828 0.05444444444444444 0.056838365896980464
4 0.8038888888888889 0.2984014209591474 0.06333333333333334 0.09591474245115453
2 0.9194444444444444 0.849911190053286 0.056666666666666664 0.10479573712255773
2 0.7622222222222222 0.7886323268206039 0.051111111111111114 0.0994671403197158
2 0.5377777777777778 0.5301953818827708 0.04 0.06571936056838366
2 0.5355555555555556 0.38809946714031973 0.035555555555555556 0.07992895204262877
2 0.5261111111111111 0.4422735346358792 0.04111111111111111 0.06394316163410302
2 0.5294444444444445 0.48401420959147423 0.03888888888888889 0.0586145648312611
2 0.4955555555555556 0.5053285968028419 0.04 0.0905861456483126
2 0.4533333333333333 0.5808170515097691 0.03777777777777778 0.06039076376554174
2 0.041666666666666664 0.39342806394316165 0.043333333333333335 0.11545293072824156
2 0.3511111111111111 0.8232682060390764 0.042222222222222223 0.055062166962699825
