4 0.222 0.20914542728635682 0.048 0.07646176911544228
4 0.4595 0.25487256371814093 0.075 0.03298350824587706
4 0.5585 0.22788605697151423 0.075 0.10194902548725637
4 0.838 0.2383808095952024 0.086 0.08095952023988005
2 0.1555 0.5194902548725637 0.051 0.08245877061469266
2 0.3195 0.5307346326836582 0.085 0.12893553223388307
2 0.62 0.5809595202398801 0.056 0.10644677661169415
2 0.4845 0.5982008995502249 0.081 0.1469265367316342
2 0.7725 0.5134932533733133 0.087 0.10944527736131934
2 0.907 0.5067466266866567 0.048 0.08095952023988005
0 0.253 0.5082458770614693 0.22 0.8395802098950524
0 0.443 0.3995502248875562 0.162 0.6431784107946027
0 0.552 0.5464767616191905 0.21 0.9070464767616192
0 0.8545 0.487256371814093 0.207 0.8245877061469266
