4 0.34 0.469375 0.16333333333333333 0.10375
4 0.54875 0.378125 0.13416666666666666 0.09875
4 0.7983333333333333 0.410625 0.115 0.11375
4 0.5 0.715 0.125 0.1625
3 0.5070833333333333 0.608125 0.2075 0.13375
3 0.555 0.293125 0.16 0.16375
3 0.8129166666666666 0.330625 0.22583333333333333 0.14125
3 0.3425 0.4125 0.17666666666666667 0.16
0 0.23291666666666666 0.435625 0.33916666666666667 0.54875
0 0.47583333333333333 0.6575 0.2816666666666667 0.44
0 0.5004166666666666 0.43375 0.37916666666666665 0.7175
0 0.83125 0.364375 0.3375 0.59375
