4 0.00625 0.5155555555555555 0.0125 0.04888888888888889
4 0.04 0.4711111111111111 0.0175 0.044444444444444446
4 0.3 0.3188888888888889 0.0575 0.11777777777777777
4 0.56625 0.4488888888888889 0.045 0.07555555555555556
4 0.798125 0.39 0.03875 0.051111111111111114
2 0.345 0.8544444444444445 0.055 0.10444444444444445
2 0.48125 0.7533333333333333 0.0425 0.04
2 0.536875 0.7888888888888889 0.06625 0.10222222222222223
2 0.655625 0.9733333333333334 0.05125 0.04888888888888889
2 0.91875 0.93 0.0575 0.13111111111111112
2 0.746875 0.85 0.03875 0.12222222222222222
3 0.309375 0.2788888888888889 0.08375 0.1
3 0.56875 0.4077777777777778 0.0625 0.051111111111111114
3 0.7925 0.3488888888888889 0.0525 0.044444444444444446
0 0.229375 0.57 0.23625 0.8555555555555555
0 0.058125 0.6822222222222222 0.10375 0.6222222222222222
0 0.563125 0.7333333333333333 0.19875 0.5244444444444445
0 0.84625 0.61 0.2425 0.7666666666666667
