4 0.2627551020408163 0.3076923076923077 0.08673469387755102 0.17582417582417584
4 0.461734693877551 0.3076923076923077 0.07142857142857142 0.12087912087912088
4 0.6964285714285714 0.3791208791208791 0.04591836734693878 0.08791208791208792
4 0.9132653061224489 0.42032967032967034 0.07142857142857142 0.09340659340659341
3 0.46811224489795916 0.26373626373626374 0.07908163265306123 0.07692307692307693
3 0.9107142857142857 0.37637362637362637 0.08673469387755102 0.1043956043956044
1 0.4642857142857143 0.27197802197802196 0.12244897959183673 0.3021978021978022
1 0.9183673469387755 0.37362637362637363 0.10204081632653061 0.26373626373626374
2 0.3711734693877551 0.5384615384615384 0.16071428571428573 0.21978021978021978
2 0.45153061224489793 0.6098901098901099 0.10204081632653061 0.16483516483516483
2 0.47831632653061223 0.7142857142857143 0.08418367346938775 0.17582417582417584
0 0.2002551020408163 0.49725274725274726 0.4005102040816326 0.9945054945054945
0 0.4655612244897959 0.5494505494505495 0.21173469387755103 0.8791208791208791
0 0.7461734693877551 0.554945054945055 0.5076530612244898 0.8791208791208791
0 0.9362244897959183 0.45054945054945056 0.12755102040816327 0.45054945054945056
