3 0.26958333333333334 0.23625 0.0925 0.0375
3 0.48625 0.2215625 0.09416666666666666 0.028125
3 0.7308333333333333 0.2203125 0.09833333333333333 0.033125
4 0.26708333333333334 0.254375 0.060833333333333336 0.025
4 0.49583333333333335 0.2553125 0.07666666666666666 0.048125
4 0.7283333333333334 0.2434375 0.06666666666666667 0.035625
1 0.2658333333333333 0.240625 0.14166666666666666 0.10875
1 0.4895833333333333 0.2396875 0.1375 0.104375
1 0.7345833333333334 0.2334375 0.15916666666666668 0.113125
2 0.16208333333333333 0.2975 0.12083333333333333 0.07
2 0.365 0.3303125 0.12666666666666668 0.050625
2 0.6116666666666667 0.3203125 0.1 0.094375
0 0.22041666666666668 0.4934375 0.2658333333333333 0.614375
0 0.48541666666666666 0.488125 0.2825 0.6475
0 0.7079166666666666 0.5240625 0.3375 0.770625
