3 0.25582161687170474 0.2074505649717514 0.13730228471001757 0.1161723163841808
3 0.7184753954305799 0.2266949152542373 0.11884885764499122 0.12005649717514125
4 0.25505272407732865 0.2877824858757062 0.1054481546572935 0.163135593220339
4 0.7314367311072056 0.3155014124293785 0.09028998242530756 0.13100282485875706
2 0.14960456942003514 0.18343926553672316 0.08216168717047452 0.10840395480225988
2 0.35369068541300525 0.1866172316384181 0.06019332161687171 0.0893361581920904
2 0.6709138840070299 0.3091454802259887 0.043497363796133566 0.08792372881355932
2 0.8050307557117751 0.3342161016949153 0.07359402460456942 0.10840395480225988
0 0.265707381370826 0.5121822033898306 0.531414762741652 0.9721045197740112
0 0.7707601054481547 0.528954802259887 0.4523286467486819 0.9194915254237288
