1 0.9791666666666666 0.2315340909090909 0.8055555555555556 0.2471590909090909
1 1.6736111111111112 0.22585227272727273 0.5416666666666666 0.3096590909090909
4 1.0 0.29261363636363635 0.4861111111111111 0.1534090909090909
4 1.7465277777777777 0.2784090909090909 0.3819444444444444 0.14204545454545456
3 1.0 0.2159090909090909 0.7083333333333334 0.13068181818181818
3 1.6527777777777777 0.19886363636363635 0.625 0.10795454545454546
2 1.0833333333333333 0.5497159090909091 0.4583333333333333 0.1278409090909091
2 1.6180555555555556 0.5681818181818182 0.4583333333333333 0.20454545454545456
0 0.7465277777777778 0.42613636363636365 1.2291666666666667 0.8522727272727273
0 1.6875 0.4289772727272727 0.6944444444444444 0.8465909090909091
