2 0.490625 0.8 0.1984375 0.3194444444444444
2 0.41953125 0.7041666666666667 0.0828125 0.18611111111111112
2 0.621484375 0.5909722222222222 0.25859375 0.3375
3 0.369921875 0.4847222222222222 0.12734375 0.1527777777777778
3 0.669921875 0.3972222222222222 0.16171875 0.14722222222222223
4 0.38515625 0.5284722222222222 0.078125 0.12083333333333333
4 0.677734375 0.45069444444444445 0.12265625 0.1375
1 0.359765625 0.5402777777777777 0.20234375 0.45
0 0.33671875 0.5895833333333333 0.209375 0.8208333333333333
0 0.5703125 0.5548611111111111 0.359375 0.8902777777777777
0 0.746875 0.5208333333333334 0.325 0.9583333333333334
