0 0.2789408866995074 0.4078260869565217 0.1933497536945813 0.5339130434782609
2 0.395935960591133 0.4330434782608696 0.04310344827586207 0.02434782608695652
2 0.39039408866995073 0.4591304347826087 0.029556650246305417 0.034782608695652174
2 0.7807881773399015 0.5139130434782608 0.04926108374384237 0.07130434782608695
3 0.8423645320197044 0.28782608695652173 0.029556650246305417 0.057391304347826085
3 0.3460591133004926 0.23217391304347826 0.034482758620689655 0.03304347826086956
4 0.32019704433497537 0.2608695652173913 0.024630541871921183 0.03130434782608696
4 0.4753694581280788 0.34695652173913044 0.04187192118226601 0.02608695652173913
4 0.8405172413793104 0.3556521739130435 0.0332512315270936 0.057391304347826085
0 0.8811576354679803 0.5930434782608696 0.20320197044334976 0.8
