3 0.2730263157894737 0.40236686390532544 0.1013157894736842 0.11045364891518737
3 0.5125 0.38362919132149903 0.11973684210526316 0.10059171597633136
3 0.8111842105263158 0.3757396449704142 0.06973684210526315 0.07297830374753451
4 0.24276315789473685 0.5473372781065089 0.13026315789473683 0.22287968441814596
4 0.5052631578947369 0.4881656804733728 0.10789473684210527 0.14003944773175542
4 0.7723684210526316 0.4418145956607495 0.06315789473684211 0.08678500986193294
1 0.2565789473684211 0.47041420118343197 0.2236842105263158 0.45956607495069035
1 0.5177631578947368 0.42110453648915186 0.18289473684210528 0.28205128205128205
1 0.7953947368421053 0.41222879684418146 0.1118421052631579 0.2445759368836292
2 0.6519736842105263 0.571992110453649 0.14342105263157895 0.1814595660749507
2 0.8486842105263158 0.5621301775147929 0.0868421052631579 0.13806706114398423
2 0.8822368421052632 0.6400394477317555 0.05921052631578947 0.1203155818540434
0 0.16052631578947368 0.5621301775147929 0.32105263157894737 0.8717948717948718
0 0.49078947368421055 0.6341222879684418 0.3394736842105263 0.7238658777120316
0 0.7315789473684211 0.6193293885601578 0.24473684210526317 0.7455621301775148
