4 0.2961111111111111 0.2733333333333333 0.07222222222222222 0.13
4 0.6622222222222223 0.3491666666666667 0.08 0.075
2 0.5483333333333333 0.5166666666666667 0.11666666666666667 0.14333333333333334
2 0.15611111111111112 0.9516666666666667 0.08333333333333333 0.09333333333333334
2 0.3383333333333333 0.9291666666666667 0.03666666666666667 0.065
2 0.7572222222222222 0.6408333333333334 0.12333333333333334 0.11166666666666666
1 0.28888888888888886 0.255 0.14222222222222222 0.30666666666666664
1 0.6638888888888889 0.31916666666666665 0.17222222222222222 0.25166666666666665
0 0.175 0.5075 0.33444444444444443 0.9583333333333334
0 0.635 0.4775 0.5233333333333333 0.7816666666666666
