4 0.19375 0.15416666666666667 0.075 0.11388888888888889
4 0.540625 0.2875 0.0625 0.09722222222222222
4 0.76015625 0.275 0.0703125 0.1
4 0.8234375 0.31527777777777777 0.05 0.11944444444444445
4 0.91953125 0.31666666666666665 0.0296875 0.06111111111111111
2 0.2796875 0.5875 0.0625 0.19166666666666668
2 0.5984375 0.6138888888888889 0.065625 0.06111111111111111
2 0.45703125 0.5666666666666667 0.0734375 0.10555555555555556
2 0.76484375 0.7555555555555555 0.0765625 0.2111111111111111
2 0.875 0.6694444444444444 0.053125 0.15
0 0.18046875 0.49722222222222223 0.3203125 0.9055555555555556
0 0.51171875 0.5611111111111111 0.2171875 0.7777777777777778
0 0.7 0.5444444444444444 0.1625 0.9111111111111111
0 0.83359375 0.5986111111111111 0.1328125 0.8027777777777778
0 0.921875 0.5875 0.09375 0.7583333333333333
