4 0.37222222222222223 0.37222222222222223 0.10888888888888888 0.2111111111111111
4 0.7494444444444445 0.4811111111111111 0.1322222222222222 0.2288888888888889
1 0.40055555555555555 0.4022222222222222 0.2011111111111111 0.5422222222222223
1 0.7716666666666666 0.39 0.2633333333333333 0.54
2 0.2927777777777778 0.08888888888888889 0.07666666666666666 0.1688888888888889
2 0.5222222222222223 0.08444444444444445 0.09777777777777778 0.13777777777777778
2 0.5477777777777778 0.3655555555555556 0.15777777777777777 0.4688888888888889
2 0.9066666666666666 0.25555555555555554 0.18 0.36444444444444446
0 0.2927777777777778 0.49666666666666665 0.5744444444444444 0.9844444444444445
0 0.68 0.4955555555555556 0.6311111111111111 0.9866666666666667
