2 0.3100529100529101 0.5987306064880112 0.05925925925925926 0.1368124118476728
2 0.47195767195767196 0.5944992947813822 0.05291005291005291 0.1227080394922426
2 0.6010582010582011 0.6015514809590973 0.06349206349206349 0.12834978843441466
2 0.7 0.5973201692524682 0.05396825396825397 0.1227080394922426
4 0.39894179894179893 0.27997179125528915 0.0761904761904762 0.10296191819464035
4 0.6439153439153439 0.26586741889985893 0.07089947089947089 0.09449929478138223
1 0.4015873015873016 0.2566995768688293 0.13227513227513227 0.27080394922425954
1 0.6460317460317461 0.2404795486600846 0.1343915343915344 0.23554301833568406
0 0.37513227513227515 0.5430183356840621 0.326984126984127 0.8913963328631875
0 0.662962962962963 0.5465444287729196 0.28465608465608466 0.8899858956276445
