4 0.21 0.46291666666666664 0.11666666666666667 0.10583333333333333
4 0.50125 0.44416666666666665 0.14583333333333334 0.08333333333333333
4 0.92 0.44166666666666665 0.10333333333333333 0.07833333333333334
2 0.4475 0.7133333333333334 0.12333333333333334 0.075
2 0.2683333333333333 0.7645833333333333 0.058333333333333334 0.020833333333333332
2 0.335 0.7966666666666666 0.09666666666666666 0.08
2 0.6320833333333333 0.65625 0.09416666666666666 0.07583333333333334
2 0.7275 0.685 0.125 0.10166666666666667
0 0.165 0.7095833333333333 0.3283333333333333 0.5658333333333333
0 0.87375 0.5354166666666667 0.23583333333333334 0.2125
3 0.8708333333333333 0.3875 0.15 0.06833333333333333
