2 0.25664335664335663 0.5847107438016529 0.03776223776223776 0.09504132231404959
2 0.05804195804195804 0.32644628099173556 0.04055944055944056 0.06611570247933884
2 0.6965034965034965 0.5340909090909091 0.03636363636363636 0.07644628099173553
2 0.5188811188811189 0.5847107438016529 0.025174825174825177 0.06198347107438017
2 0.4006993006993007 0.4855371900826446 0.02937062937062937 0.05785123966942149
4 0.14265734265734265 0.2024793388429752 0.04755244755244755 0.06198347107438017
4 0.47762237762237764 0.22004132231404958 0.03496503496503497 0.05165289256198347
4 0.5916083916083916 0.25 0.03636363636363636 0.049586776859504134
3 0.5888111888111888 0.21694214876033058 0.044755244755244755 0.028925619834710745
0 0.15104895104895105 0.5134297520661157 0.2601398601398601 0.8409090909090909
0 0.6146853146853147 0.5299586776859504 0.21678321678321677 0.7665289256198347
