3 0.20473372781065088 0.2 0.0757396449704142 0.06363636363636363
3 0.3745562130177515 0.09545454545454546 0.05325443786982249 0.045454545454545456
3 0.5970414201183432 0.12727272727272726 0.06035502958579882 0.05909090909090909
3 0.9 0.125 0.029585798816568046 0.05
4 0.20591715976331362 0.26477272727272727 0.07337278106508875 0.08409090909090909
4 0.3757396449704142 0.15454545454545454 0.05325443786982249 0.08181818181818182
4 0.598224852071006 0.17613636363636365 0.05798816568047337 0.07954545454545454
4 0.8970414201183432 0.2 0.04260355029585799 0.10909090909090909
2 0.07633136094674556 0.8920454545454546 0.04142011834319527 0.17954545454545454
2 0.31301775147928995 0.9125 0.0485207100591716 0.16136363636363638
2 0.43372781065088756 0.5079545454545454 0.046153846153846156 0.1159090909090909
2 0.6041420118343195 0.3931818181818182 0.06745562130177515 0.09545454545454546
2 0.6982248520710059 0.9579545454545455 0.054437869822485205 0.075
2 0.9556213017751479 0.7522727272727273 0.06272189349112427 0.08181818181818182
0 0.1881656804733728 0.5215909090909091 0.26272189349112424 0.9477272727272728
0 0.372189349112426 0.49886363636363634 0.21420118343195266 0.9931818181818182
0 0.5710059171597633 0.5068181818181818 0.19289940828402366 0.9818181818181818
0 0.823076923076923 0.49886363636363634 0.3349112426035503 0.9840909090909091
