2 0.5917525773195876 0.7545787545787546 0.1154639175257732 0.18315018315018314
2 0.6752577319587629 0.7307692307692307 0.06391752577319587 0.1282051282051282
2 0.8443298969072165 0.6043956043956044 0.08453608247422681 0.12454212454212454
4 0.22474226804123712 0.5714285714285714 0.11134020618556702 0.20512820512820512
4 0.3391752577319588 0.3663003663003663 0.05979381443298969 0.16117216117216118
4 0.6835051546391753 0.19413919413919414 0.09690721649484536 0.14652014652014653
3 0.23917525773195877 0.4267399267399267 0.06597938144329897 0.08424908424908426
3 0.7030927835051546 0.13003663003663005 0.10721649484536082 0.09157509157509157
0 0.25463917525773194 0.5439560439560439 0.5092783505154639 0.9120879120879121
0 0.2865979381443299 0.40476190476190477 0.16494845360824742 0.7289377289377289
0 0.6474226804123712 0.3534798534798535 0.3752577319587629 0.6996336996336996
