4 0.14083333333333334 0.18 0.03833333333333333 0.04
1 0.13583333333333333 0.17625 0.058333333333333334 0.0875
1 0.2025 0.1925 0.07833333333333334 0.145
1 0.36833333333333335 0.21125 0.07666666666666666 0.1175
1 0.5233333333333333 0.2125 0.06666666666666667 0.14
1 0.7575 0.21125 0.08166666666666667 0.1525
4 0.20583333333333334 0.19375 0.045 0.0625
4 0.36916666666666664 0.2225 0.041666666666666664 0.065
4 0.5216666666666666 0.20125 0.03 0.0425
4 0.7508333333333334 0.21125 0.035 0.0475
2 0.06916666666666667 0.3775 0.03833333333333333 0.05
2 0.10916666666666666 0.2375 0.035 0.1
2 0.2808333333333333 0.5225 0.03833333333333333 0.13
2 0.355 0.4375 0.043333333333333335 0.06
2 0.3825 0.47125 0.045 0.0575
2 0.5266666666666666 0.31 0.06666666666666667 0.085
2 0.6341666666666667 0.49 0.035 0.09
2 0.4508333333333333 0.47 0.035 0.07
2 0.7508333333333334 0.28375 0.035 0.1025
0 0.17916666666666667 0.515 0.21833333333333332 0.87
0 0.1025 0.22375 0.12833333333333333 0.2925
0 0.37166666666666665 0.52875 0.16666666666666666 0.8275
0 0.55 0.51375 0.19333333333333333 0.8375
0 0.735 0.5225 0.21 0.825
