2 0.4257188498402556 0.5927505330490405 0.10702875399361023 0.1023454157782516
2 0.2747603833865815 0.21002132196162046 0.07667731629392971 0.10874200426439233
2 0.6094249201277955 0.46375266524520253 0.12300319488817892 0.09168443496801706
2 0.6573482428115016 0.8560767590618337 0.027156549520766772 0.12153518123667377
3 0.7699680511182109 0.26332622601279315 0.08626198083067092 0.06609808102345416
3 0.5279552715654952 0.17270788912579957 0.10702875399361023 0.06396588486140725
4 0.536741214057508 0.21535181236673773 0.07987220447284345 0.09381663113006397
4 0.7643769968051118 0.31023454157782515 0.06230031948881789 0.09594882729211088
1 0.536741214057508 0.19189765458422176 0.12460063897763578 0.22174840085287847
1 0.7571884984025559 0.2867803837953092 0.14376996805111822 0.24946695095948826
0 0.4424920127795527 0.4690831556503198 0.4249201277955272 0.8742004264392325
0 0.7811501597444089 0.5490405117270789 0.2779552715654952 0.7953091684434968
