2 0.11265618702136235 0.32713125845737484 0.05441354292623942 0.12381596752368065
2 0.24647319629181783 0.6363328822733424 0.03829101168883515 0.10081190798376184
2 0.30874647319629184 0.34303112313937756 0.05078597339782346 0.11637347767253045
2 0.4238210399032648 0.6363328822733424 0.026199113260781944 0.13599458728010824
2 0.5046352277307538 0.3623139377537212 0.05239822652156389 0.10487144790257104
2 0.6223297057638049 0.6647496617050067 0.03143893591293833 0.13870094722598106
2 0.6541717049576784 0.42286874154262516 0.04433696090286175 0.11231393775372124
2 0.7916162837565498 0.7300405953991881 0.039500201531640466 0.08525033829499323
4 0.14993954050785974 0.199255751014885 0.05401047964530431 0.08863328822733424
4 0.3544941555824264 0.2530446549391069 0.060056428859330914 0.07307171853856563
4 0.5517936316001613 0.2564276048714479 0.05401047964530431 0.07442489851150202
4 0.7372027408303103 0.2831529093369418 0.06852075775896815 0.07916102841677942
1 0.14893188230552196 0.17658998646820026 0.09794437726723096 0.1880920162381597
1 0.3524788391777509 0.2259810554803789 0.09149536477226924 0.15832205683355885
1 0.5511890366787585 0.2493234100135318 0.09068923821039904 0.13870094722598106
1 0.7376058041112454 0.2696211096075778 0.09351068117694478 0.16441136671177267
0 0.14993954050785974 0.5284167794316644 0.2426440951229343 0.9431664411366711
0 0.34582829504232165 0.5483761840324763 0.18863361547763 0.9032476319350473
0 0.5421201128577187 0.5548037889039242 0.2015316404675534 0.8903924221921515
0 0.7186618299072954 0.5693504736129905 0.21523579201934703 0.861299052774019
