4 0.34125 0.456875 0.034166666666666665 0.04125
1 0.34625 0.453125 0.07416666666666667 0.10875
2 0.27666666666666667 0.77 0.03666666666666667 0.085
2 0.40375 0.774375 0.034166666666666665 0.08125
2 0.5645833333333333 0.538125 0.0175 0.02875
2 0.6370833333333333 0.5475 0.0125 0.0275
2 0.7545833333333334 0.461875 0.010833333333333334 0.01625
4 0.6020833333333333 0.394375 0.019166666666666665 0.02875
4 0.73375 0.363125 0.010833333333333334 0.01875
1 0.6041666666666666 0.38625 0.03333333333333333 0.06
1 0.7354166666666667 0.359375 0.034166666666666665 0.03625
0 0.3475 0.6825 0.18333333333333332 0.62
0 0.6029166666666667 0.525625 0.09416666666666666 0.35625
0 0.7341666666666666 0.445 0.05333333333333334 0.2225
