4 0.224 0.3019538188277087 0.09066666666666667 0.09236234458259325
4 0.7506666666666667 0.302841918294849 0.104 0.10124333925399645
2 0.11933333333333333 0.30817051509769094 0.07066666666666667 0.15097690941385436
2 0.4246666666666667 0.8978685612788633 0.06533333333333333 0.18294849023090587
2 0.6733333333333333 0.29928952042628776 0.06666666666666667 0.14031971580817051
2 0.932 0.9289520426287744 0.06133333333333333 0.13854351687388988
3 0.21866666666666668 0.24422735346358793 0.11466666666666667 0.05150976909413854
3 0.7473333333333333 0.2539964476021314 0.1 0.046181172291296625
0 0.23933333333333334 0.5479573712255773 0.4226666666666667 0.8863232682060391
0 0.7573333333333333 0.5399644760213144 0.4053333333333333 0.9023090586145648
