2 0.30444444444444446 0.9387351778656127 0.14888888888888888 0.11857707509881422
2 0.2961111111111111 0.8537549407114624 0.15 0.1541501976284585
2 0.5633333333333334 0.8162055335968379 0.12666666666666668 0.25296442687747034
2 0.47833333333333333 0.8181818181818182 0.06555555555555556 0.20948616600790515
3 0.28444444444444444 0.35375494071146246 0.15777777777777777 0.11462450592885376
3 0.5238888888888888 0.3191699604743083 0.15888888888888889 0.11264822134387352
4 0.2638888888888889 0.4189723320158103 0.12333333333333334 0.15810276679841898
4 0.535 0.4061264822134387 0.1322222222222222 0.14031620553359683
1 0.275 0.358695652173913 0.18333333333333332 0.34189723320158105
1 0.5261111111111111 0.3547430830039526 0.1988888888888889 0.3774703557312253
0 0.23333333333333334 0.5118577075098815 0.4066666666666667 0.9644268774703557
0 0.605 0.5019762845849802 0.37444444444444447 0.9802371541501976
