4 0.08978397839783979 0.6700659868026395 0.14086408640864087 0.15476904619076184
4 0.27970297029702973 0.35452909418116374 0.09045904590459046 0.10437912417516497
4 0.6458145814581459 0.3857228554289142 0.14401440144014402 0.16436712657468505
4 0.9624212421242124 0.36532693461307736 0.07515751575157516 0.14757048590281943
1 0.11588658865886589 0.6115776844631073 0.22997299729972998 0.36172765446910615
1 0.2815031503150315 0.3254349130173965 0.2623762376237624 0.2525494901019796
1 0.630963096309631 0.33413317336532694 0.29432943294329433 0.3167366526694661
1 0.9187668766876688 0.33863227354529096 0.16246624662466247 0.32933413317336535
0 0.24302430243024303 0.6070785842831433 0.47794779477947796 0.7858428314337133
0 0.26777677767776775 0.3572285542891422 0.27722772277227725 0.5188962207558488
0 0.6748424842484249 0.5293941211757649 0.5828082808280828 0.9412117576484703
0 0.8620612061206121 0.47630473905218956 0.27587758775877586 0.8410317936412718
