3 0.3 0.31266490765171506 0.064 0.055408970976253295
4 0.289 0.3575197889182058 0.05 0.07651715039577836
3 0.711 0.16886543535620052 0.102 0.07387862796833773
4 0.706 0.20580474934036938 0.068 0.05804749340369393
2 0.303 0.7071240105540897 0.098 0.09498680738786279
2 0.37 0.6873350923482849 0.072 0.09762532981530343
2 0.663 0.5501319261213721 0.114 0.0870712401055409
2 0.828 0.5131926121372031 0.056 0.06596306068601583
0 0.209 0.5870712401055409 0.278 0.820580474934037
0 0.655 0.5092348284960422 0.378 0.9762532981530343
