3 0.04730258014073495 0.25315729047072333 0.06645817044566067 0.05855338691159587
4 0.0437842064112588 0.27956371986222733 0.0437842064112588 0.05855338691159587
1 0.04339327599687256 0.2772675086107922 0.08522283033620015 0.20321469575200918
2 0.0308835027365129 0.5648679678530425 0.060203283815480846 0.06199770378874857
2 0.1305707584050039 0.6257175660160735 0.0328381548084441 0.09184845005740529
0 0.07349491790461297 0.5838117106773824 0.14698983580922595 0.8323765786452354
3 0.22791243158717747 0.23478760045924224 0.05707584050039093 0.03329506314580941
4 0.2259577795152463 0.2755453501722158 0.03440187646598905 0.045924225028702644
1 0.2240031274433151 0.24741676234213547 0.08991399530883502 0.1687715269804822
2 0.19038311180609852 0.4500574052812859 0.04925723221266615 0.06888633754305395
2 0.290852228303362 0.4425947187141217 0.04847537138389367 0.0677382319173364
0 0.2361219702892885 0.5774971297359357 0.20797498045347929 0.8197474167623421
3 0.3956215793588741 0.21469575200918484 0.0437842064112588 0.027554535017221583
4 0.39796716184519154 0.2359357060849598 0.0328381548084441 0.030998851894374284
1 0.3983580922595778 0.2365097588978186 0.08835027365129007 0.16073478760045926
2 0.3666927286942924 0.5074626865671642 0.040656763096168884 0.06888633754305395
2 0.4550430023455825 0.4936854190585534 0.04222048475371384 0.07347876004592423
0 0.4143862392494136 0.5585533869115958 0.18451915559030493 0.8025258323765786
3 0.563721657544957 0.23938002296211253 0.05160281469898358 0.03329506314580941
4 0.563721657544957 0.264638346727899 0.040656763096168884 0.03788748564867968
1 0.5676309616888194 0.2629161882893226 0.07349491790461297 0.1423650975889782
2 0.534401876465989 0.4873708381171068 0.03831118060985145 0.07233065442020666
2 0.6055512118842846 0.48851894374282434 0.033620015637216574 0.07003444316877153
2 0.6301798279906177 0.3857634902411022 0.03127443315089914 0.07807118254879448
2 0.7861610633307271 0.3823191733639495 0.027365129007036748 0.08266360505166476
2 0.8017982799061767 0.4902411021814007 0.03205629397967162 0.09873708381171067
2 0.975371383893667 0.5028702640642939 0.03674745895230649 0.10562571756601608
0 0.5688037529319782 0.5545350172215844 0.15559030492572323 0.7692307692307693
0 0.7095387021110242 0.595292766934558 0.18373729476153244 0.7887485648679678
0 0.8921032056293979 0.6245694603903559 0.21266614542611414 0.7508610792192881
3 0.72556684910086 0.2617680826636051 0.054730258014073496 0.02525832376578645
4 0.7263487099296325 0.2876004592422503 0.03752931978107897 0.0539609644087256
1 0.7259577795152463 0.2772675086107922 0.08053166536356529 0.1618828932261768
3 0.9038311180609852 0.31974741676234214 0.0688037529319781 0.03788748564867968
4 0.9010946051602815 0.3404133180252583 0.0398749022673964 0.05855338691159587
1 0.8995308835027365 0.3450057405281286 0.10711493354182955 0.20551090700344432
0 0.9030492572322126 0.6280137772675086 0.1923377638780297 0.7439724454649828
