4 0.1930769230769231 0.3177570093457944 0.09384615384615384 0.16199376947040497
4 0.4876923076923077 0.42679127725856697 0.13230769230769232 0.1806853582554517
4 0.8 0.43613707165109034 0.07076923076923076 0.06853582554517133
2 0.37384615384615383 0.7570093457943925 0.09538461538461539 0.12461059190031153
2 0.6607692307692308 0.4750778816199377 0.1276923076923077 0.22741433021806853
3 0.2 0.235202492211838 0.11076923076923077 0.102803738317757
3 0.7407692307692307 0.3348909657320872 0.08461538461538462 0.1526479750778816
0 0.1930769230769231 0.4968847352024922 0.29384615384615387 0.9937694704049844
0 0.5153846153846153 0.6433021806853583 0.4307692307692308 0.6947040498442367
0 0.8469230769230769 0.5 0.3030769230769231 1.0
